8857686
462838
7579547
5755113
1418008
537936
6081703
2621992
5507864
1742378
5619322
3207627
1915317
9873699
2666305
4934562
958911
1663602
7724902
2449468
159943
4486522
4439614
8292143
4452240
9404160
7173356
4491158
1988993
6015962
6770013
2071051
6851648
2125369
5912573
9530059
3096555
198842
1167242
8939815
1253273
6784356
6682509
4215795
3845687
3487851
5937609
7359367
7860294
1692997
5874841
9444051
9455001
827837
449865
6675092
5857122
1290581
1999746
5578857
3068346
172352
1668957
9845615
7400343
2966603
2216266
4014015
6180314
4793968
2035675
3693388
83518
791211
3910322
6429526
114745
8060856
4718526
5236094
475667
4963148
4382024
7161004
8766776
2922409
2781363
4907676
5577792
8421053
2054154
4049230
1386707
2901531
7290917
2910553
2294868
5036850
7707774
5539397
2024998
4440492
3899128
7560900
6778957
204954
4811381
4441974
6180530
9927541
9260716
8453825
3019328
2436675
8127544
3672634
5436486
3613779
5638737
3628921
4349963
4520847
8371018
9162440
740638
43335
3195510
4477762
7541358
8149428
338357
3879880
8189790
1771918
8940149
3144157
9232079
3612692
7408014
4616580
7403988
7783164
6565544
8655985
869210
4837688
5160629
994375
2101129
2151063
7942128
8964163
61527
3622117
5639313
5757108
5194611
6479047
1820595
4664704
8279811
5460363
7296581
2576586
1218312
8083025
7012633
8391098
7111915
9880525
1472514
6793413
6469763
892794
8497108
9064918
6546720
6380291
412226
1890744
7408208
2982999
3964798
6470552
4573202
1722880
475877
9451707
7610878
826112
6047786
6788868
9187465
9352243
7526961
3328649
9357064
278982
1230757
1698956
7215513
1655436
6749569
6400359
8297623
2575016
6864191
2640386
4979478
2943423
4729894
879339
8336200
3333020
5190990
7693886
4949583
5451318
7206863
2381410
4071805
5877814
1376483
3587379
69283
3588367
5859504
2541702
9782665
1951513
5275826
4549261
2085443
1110086
2692233
9189301
7341772
1057825
9027065
3906028
3048007
1461157
2275034
936513
3294579
4032067
5913030
3703256
4909414
8165598
3449756
3256307
993210
1865014
5220269
6527429
9897726
7694711
1446723
6197726
6707907
800378
4076156
6544425
2454566
5651498
1375675
7203831
8582016
1412223
5938248
8479008
1085032
4990630
269595
3080431
6764559
2039025
2973242
6158592
6834802
7912667
1300732
7887760
3436895
4875036
105775
8509272
2888985
9982102
5037700
5011574
1228219
7750240
1887948
1075198
8113443
1689412
2169469
9996071
1697416
9544551
8704901
6177039
7816372
4253792
9099459
4946725
3101615
9636086
3799345
8074053
1371351
5094498
380839
8038897
4904959
5057962
7688753
7554021
1800898
8643690
989023
4448096
4920519
3183528
7844590
105045
2008919
4879332
4160548
6398073
8559490
1527178
6089768
1480167
5140422
9374621
2563527
8472650
9152552
3535787
2840431
4820788
7261709
4874040
8072508
400368
3508286
7328167
6970713
387060
1605229
8166237
7741792
5083844
4546694
2551038
7738028
2493988
3053508
1391949
2963564
4395614
4353077
2809820
3761312
7641868
3148096
8385403
2280947
8895261
9489762
467373
2126920
2808849
1620482
6499984
7285418
8917153
1694727
2992275
1384576
7341015
8673965
4889725
5682109
1202113
2998315
8129119
9748764
5207331
6162781
2454919
3203882
1350648
2105439
1456120
5364534
5901926
1022795
6203032
3195146
3422850
7782775
5953418
7563931
7720146
5829100
3257633
8983636
3221452
2074531
7643173
6500516
2462138
446024
1767098
9998655
5695322
5159460
5061770
9287511
1150894
6791634
7455085
5189390
1843281
453969
8249226
2176055
4481916
668123
5882197
8636261
4325855
5554298
4115214
8096999
6929269
6380096
8183370
3464928
8719500
5057647
1140183
1973089
812582
5535264
3961613
1071387
9424767
4285988
774011
2132240
3393178
4695090
5231740
6501596
8068155
6319771
5543401
1426332
75276
4691685
8953649
5929891
309731
487980
8347680
7228112
1293396
1278320
8744369
9093807
8232044
6812120
1917951
3789313
1146495
3803262
8789489
8796136
5251119
9295251
6433934
3256395
8608433
6555689
3139827
1814881
8751660
1621776
107575
701638
1029814
316474
863184
2021896
8391588
6494886
6440758
9547049
5572535
965399
8427193
3100169
3149978
4411288
7503692
8399527
6476805
8752170
4991682
5653894
942691
4657043
2030489
4053480
7605755
1611602
3074513
1029910
4369597
8409892
7100775
8268665
9076242
6729960
9512818
4611496
1739487
5251370
740941
4739853
9241139
166986
4980776
6008884
3524250
4394687
6231510
1076043
7323254
6924327
4866188
7268623
7385556
7340225
5867233
5846822
4238692
4693057
3868026
7940377
4015338
5177464
5757488
8408986
6799640
1768516
2418792
2577201
1321078
8886168
6737046
9432609
811680
4768955
9948791
7193997
2654441
249794
1444831
6243283
5014823
9376003
7671792
3200695
6121601
552073
9882860
913467
5897642
9029144
2049722
8950396
7568621
4726472
9734265
2396050
8771009
8443884
7767492
4918062
202340
889753
6465771
4584287
4959305
1028805
3326413
4802058
2332311
2737415
5330029
4131566
136938
4292171
3462589
2384272
6265626
2517912
2880592
2035218
4287768
8565280
7537091
3401528
5594406
8353678
9269168
5315460
6080195
8552710
7559367
4802478
5683034
2408364
2393173
3311237
2040468
8923860
6660385
5243491
6268633
4061189
3532301
515785
91263
2260472
1842867
3261723
7435536
3147408
2136787
0
8871230
7165645
1474058
9431268
8164093
2713823
5672356
1263946
6293744
2446673
3689431
525793
64550
7887100
3556533
6147293
8930925
6183168
8263137
8797609
7799537
4672803
4293281
8615907
5356956
6341020
6356544
7899302
9847377
1744442
4853267
5830499
1931011
3243074
6203852
2659857
3382662
4642808
8195839
7241249
1756837
3695184
8046509
9363659
3838391
7334787
5042392
3142332
2957690
6676480
4575232
7609684
7155388
8033836
1502929
3774587
8740306
8764870
7268408
8827620
6059744
5742825
8429291
4376510
3753656
9542889
3403050
8030751
9846136
9233445
1681306
596877
2960307
1805262
3566903
920111
8006833
2959182
5808517
1667660
2208387
1480133
1430345
7280377
6192648
8582411
2942140
5616862
2890909
6509383
9785791
8274331
9800088
7342033
4060548
8854708
2335871
9597263
4850830
6140470
2032477
6114817
3308290
485446
2356820
6701408
9082763
9232817
2216004
8415052
1235047
7532066
2305572
567237
8991294
1252915
8169136
6564339
1002231
5466960
4644717
7094453
1390053
1837244
3198270
662581
4642722
7931003
8315153
8832375
1053944
951957
9170422
5278903
3935450
4995215
7804369
8305151
4251520
4182704
3225661
7825
8623410
6730601
4563783
6824751
6983176
5226592
638923
133819
6520935
1871338
539078
5238025
9291187
6385377
989109
18506
808581
6898931
1082344
5763732
515724
6006136
3177522
6329974
5847388
3829701
1003144
5178508
980524
1712153
5307747
5298497
4839358
2964046
6023263
5166557
8665421
7871684
6307556
837596
8275154
4917811
4891436
5950061
8416885
3841174
9119236
5569125
650619
5736540
8540278
398665
5812978
6094186
8584996
3774686
1690733
4687947
9131826
625946
5230689
2911186
4522783
4967967
7248911
9419156
8277271
3788653
874009
6226935
3927123
4489567
3483676
5533087
9788945
6474328
5371793
2923279
4584757
6517192
8039526
7583452
6623462
8649988
2846213
6400139
7640127
8035301
999222
9258692
9093752
2606670
4348876
4336588
475231
6673970
9749032
1854642
3194591
9970391
7853915
9652165
6814786
2123768
8023073
4634868
2501181
7135047
6487697
1784245
746364
8108928
5757450
7961237
5232181
6008542
6835275
8899872
4050441
8775232
2848447
3325733
7200047
7409494
5884038
3139732
7796509
4856427
9696890
7546626
9851909
1853836
6797900
7568376
2780755
5216005
8283033
1030576
9406881
6057475
9967320
8378454
7610573
2090079
5213021
8324312
1901248
3959432
5175026
2124574
3571696
6166301
5334050
5820441
632760
5143971
2816231
3938500
9141291
7882496
8469791
1331736
8103862
3888994
7033822
348171
4285809
7946442
9243412
2255983
3896433
3541206
4737018
2951334
12039
7625691
4086484
4299142
4731303
4206249
9949595
3691630
8959381
3900469
6174329
1191419
1363006
5662996
1671129
4921133
9333454
710601
9622055
7284610
2143828
1720688
1850567
971401
1678719
7751634
5379372
677961
9669062
387059
51189
7164823
3517499
3133317
3921221
0